x	y1	y2	y3	y4	y5
-3	0.008863697	0.008851732	0.004431848	1.20E-05	1.57E-35
-2.99	0.00913318	0.00912044	0.00456659	1.27E-05	2.63E-35
-2.98	0.009409915	0.009396353	0.004704958	1.36E-05	4.38E-35
-2.97	0.009694066	0.009679631	0.004847033	1.44E-05	7.29E-35
-2.96	0.009985798	0.009970438	0.004992899	1.54E-05	1.21E-34
-2.95	0.010285282	0.01026894	0.005142641	1.63E-05	2.01E-34
-2.94	0.010592688	0.010575304	0.005296344	1.74E-05	3.32E-34
-2.93	0.01090819	0.010889703	0.005454095	1.85E-05	5.49E-34
-2.92	0.011231967	0.011212309	0.005615984	1.97E-05	9.06E-34
-2.91	0.011564198	0.0115433	0.005782099	2.09E-05	1.49E-33
-2.9	0.011905065	0.011882852	0.005952532	2.22E-05	2.45E-33
-2.89	0.012254754	0.012231149	0.006127377	2.36E-05	4.03E-33
-2.88	0.012613453	0.012588373	0.006306726	2.51E-05	6.60E-33
-2.87	0.012981353	0.01295471	0.006490676	2.66E-05	1.08E-32
-2.86	0.013358647	0.013330351	0.006679324	2.83E-05	1.76E-32
-2.85	0.013745533	0.013715486	0.006872767	3.00E-05	2.87E-32
-2.84	0.01414221	0.01411031	0.007071105	3.19E-05	4.68E-32
-2.83	0.014548879	0.014515018	0.007274439	3.39E-05	7.60E-32
-2.82	0.014965745	0.01492981	0.007482873	3.59E-05	1.23E-31
-2.81	0.015393016	0.015354887	0.007696508	3.81E-05	2.00E-31
-2.8	0.015830903	0.015790453	0.007915452	4.05E-05	3.23E-31
-2.79	0.016279618	0.016236715	0.008139809	4.29E-05	5.21E-31
-2.78	0.016739378	0.016693882	0.008369689	4.55E-05	8.39E-31
-2.77	0.017210401	0.017162164	0.008605201	4.82E-05	1.35E-30
-2.76	0.017692909	0.017641775	0.008846454	5.11E-05	2.17E-30
-2.75	0.018187125	0.018132932	0.009093563	5.42E-05	3.47E-30
-2.74	0.018693277	0.018635852	0.009346638	5.74E-05	5.56E-30
-2.73	0.019211594	0.019150756	0.009605797	6.08E-05	8.88E-30
-2.72	0.019742308	0.019677867	0.009871154	6.44E-05	1.42E-29
-2.71	0.020285654	0.02021741	0.010142827	6.82E-05	2.26E-29
-2.7	0.02084187	0.020769611	0.010420935	7.23E-05	3.59E-29
-2.69	0.021411195	0.021334702	0.010705598	7.65E-05	5.69E-29
-2.68	0.021993873	0.021912911	0.010996937	8.10E-05	9.02E-29
-2.67	0.022590149	0.022504474	0.011295075	8.57E-05	1.43E-28
-2.66	0.02320027	0.023109626	0.011600135	9.06E-05	2.25E-28
-2.65	0.023824487	0.023728603	0.011912244	9.59E-05	3.55E-28
-2.64	0.024463053	0.024361646	0.012231526	0.000101407	5.59E-28
-2.63	0.025116222	0.025008995	0.012558111	0.000107227	8.77E-28
-2.62	0.025784252	0.025670892	0.012892126	0.00011336	1.38E-27
-2.61	0.026467404	0.026347583	0.013233702	0.000119821	2.15E-27
-2.6	0.027165938	0.027039313	0.013582969	0.000126626	3.37E-27
-2.59	0.027880121	0.02774633	0.013940061	0.000133791	5.25E-27
-2.58	0.028610218	0.028468883	0.014305109	0.000141335	8.19E-27
-2.57	0.029356498	0.029207223	0.014678249	0.000149276	1.27E-26
-2.56	0.030119233	0.0299616	0.015059616	0.000157632	1.98E-26
-2.55	0.030898694	0.030732269	0.015449347	0.000166425	3.06E-26
-2.54	0.031695158	0.031519484	0.015847579	0.000175674	4.74E-26
-2.53	0.032508901	0.032323499	0.01625445	0.000185402	7.32E-26
-2.52	0.033340202	0.03314457	0.016670101	0.000195632	1.13E-25
-2.51	0.034189341	0.033982955	0.01709467	0.000206386	1.74E-25
-2.5	0.035056601	0.034838911	0.0175283	0.00021769	2.67E-25
-2.49	0.035942266	0.035712697	0.017971133	0.000229569	4.10E-25
-2.48	0.036846621	0.036604571	0.018423311	0.00024205	6.28E-25
-2.47	0.037769954	0.037514794	0.018884977	0.000255161	9.60E-25
-2.46	0.038712553	0.038443623	0.019356277	0.00026893	1.47E-24
-2.45	0.039674709	0.03939132	0.019837354	0.000283389	2.23E-24
-2.44	0.040656711	0.040358144	0.020328356	0.000298568	3.40E-24
-2.43	0.041658854	0.041344354	0.020829427	0.0003145	5.16E-24
-2.42	0.04268143	0.042350211	0.021340715	0.000331219	7.83E-24
-2.41	0.043724734	0.043375974	0.021862367	0.00034876	1.18E-23
-2.4	0.044789061	0.044421901	0.02239453	0.00036716	1.79E-23
-2.39	0.045874707	0.04548825	0.022937354	0.000386457	2.70E-23
-2.38	0.046981971	0.04657528	0.023490985	0.000406691	4.07E-23
-2.37	0.048111148	0.047683246	0.024055574	0.000427903	6.12E-23
-2.36	0.049262539	0.048812404	0.024631269	0.000450135	9.18E-23
-2.35	0.05043644	0.049963008	0.02521822	0.000473432	1.38E-22
-2.34	0.051633151	0.051135311	0.025816575	0.00049784	2.06E-22
-2.33	0.052852971	0.052329564	0.026426485	0.000523407	3.07E-22
-2.32	0.054096199	0.053546017	0.0270481	0.000550182	4.58E-22
-2.31	0.055363134	0.054784917	0.027681567	0.000578217	6.82E-22
-2.3	0.056654075	0.056046511	0.028327038	0.000607565	1.01E-21
-2.29	0.057969321	0.057331041	0.028984661	0.00063828	1.50E-21
-2.28	0.05930917	0.058638748	0.029654585	0.000670422	2.23E-21
-2.27	0.060673918	0.059969871	0.030336959	0.000704048	3.29E-21
-2.26	0.062063864	0.061324645	0.031031932	0.000739219	4.86E-21
-2.25	0.063479304	0.062703303	0.031739652	0.000776001	7.16E-21
-2.24	0.064920531	0.064106073	0.032460266	0.000814458	1.05E-20
-2.23	0.066387841	0.065533183	0.033193921	0.000854659	1.55E-20
-2.22	0.067881526	0.066984853	0.033940763	0.000896673	2.27E-20
-2.21	0.069401878	0.068461303	0.034700939	0.000940575	3.32E-20
-2.2	0.070949186	0.069962747	0.035474593	0.000986438	4.85E-20
-2.19	0.072523738	0.071489396	0.036261869	0.001034342	7.08E-20
-2.18	0.07412582	0.073041454	0.03706291	0.001084367	1.03E-19
-2.17	0.075755718	0.074619123	0.037877859	0.001136595	1.50E-19
-2.16	0.077413712	0.076222599	0.038706856	0.001191113	2.18E-19
-2.15	0.079100083	0.077852073	0.039550042	0.00124801	3.15E-19
-2.14	0.080815108	0.079507731	0.040407554	0.001307377	4.56E-19
-2.13	0.082559061	0.081189752	0.04127953	0.001369309	6.59E-19
-2.12	0.084332214	0.082898311	0.042166107	0.001433903	9.50E-19
-2.11	0.086134836	0.084633576	0.043067418	0.001501259	1.37E-18
-2.1	0.087967192	0.086395709	0.043983596	0.001571483	1.96E-18
-2.09	0.089829545	0.088184865	0.044914772	0.00164468	2.82E-18
-2.08	0.091722153	0.090001191	0.045861076	0.001720961	4.03E-18
-2.07	0.093645271	0.09184483	0.046822635	0.00180044	5.77E-18
-2.06	0.09559915	0.093715916	0.047799575	0.001883234	8.23E-18
-2.05	0.097584037	0.095614575	0.048792019	0.001969462	1.17E-17
-2.04	0.099600175	0.097540926	0.049800088	0.00205925	1.67E-17
-2.03	0.101647803	0.099495078	0.050823901	0.002152725	2.37E-17
-2.02	0.103727153	0.101477136	0.051863577	0.002250018	3.36E-17
-2.01	0.105838455	0.103487191	0.052919228	0.002351264	4.75E-17
-2	0.107981933	0.10552533	0.053990967	0.002456603	6.72E-17
-1.99	0.110157805	0.107591627	0.055078902	0.002566178	9.48E-17
-1.98	0.112366284	0.10968615	0.056183142	0.002680134	1.33E-16
-1.97	0.114607578	0.111808954	0.057303789	0.002798624	1.88E-16
-1.96	0.116881889	0.113960087	0.058440944	0.002921801	2.63E-16
-1.95	0.119189412	0.116139586	0.059594706	0.003049826	3.69E-16
-1.94	0.121530338	0.118347477	0.060765169	0.003182861	5.16E-16
-1.93	0.123904849	0.120583776	0.061952425	0.003321074	7.21E-16
-1.92	0.126313123	0.122848487	0.063156561	0.003464636	1.00E-15
-1.91	0.128755329	0.125141603	0.064377664	0.003613725	1.40E-15
-1.9	0.13123163	0.127463109	0.065615815	0.003768521	1.94E-15
-1.89	0.133742181	0.129812972	0.066871091	0.003929209	2.70E-15
-1.88	0.136287132	0.132191153	0.068143566	0.004095979	3.73E-15
-1.87	0.138866623	0.134597598	0.069433312	0.004269025	5.16E-15
-1.86	0.141480787	0.13703224	0.070740393	0.004448547	7.12E-15
-1.85	0.144129749	0.139495001	0.072064874	0.004634748	9.81E-15
-1.84	0.146813625	0.141985788	0.073406813	0.004827837	1.35E-14
-1.83	0.149532525	0.144504498	0.074766262	0.005028027	1.85E-14
-1.82	0.152286547	0.147051012	0.076143274	0.005235536	2.54E-14
-1.81	0.155075784	0.149625197	0.077537892	0.005450587	3.48E-14
-1.8	0.157900317	0.152226908	0.078950158	0.005673409	4.75E-14
-1.79	0.160760218	0.154855985	0.080380109	0.005904233	6.48E-14
-1.78	0.163655552	0.157512253	0.081827776	0.006143299	8.83E-14
-1.77	0.166586372	0.160195524	0.083293186	0.006390848	1.20E-13
-1.76	0.169552723	0.162905594	0.084776361	0.006647129	1.63E-13
-1.75	0.172554638	0.165642244	0.086277319	0.006912393	2.21E-13
-1.74	0.175592141	0.168405241	0.087796071	0.0071869	2.99E-13
-1.73	0.178665247	0.171194335	0.089332623	0.007470912	4.03E-13
-1.72	0.181773958	0.174009262	0.090886979	0.007764697	5.44E-13
-1.71	0.184918267	0.17684974	0.092459133	0.008068527	7.32E-13
-1.7	0.188098155	0.179715473	0.094049077	0.008382681	9.84E-13
-1.69	0.191313592	0.18260615	0.095656796	0.008707443	1.32E-12
-1.68	0.194564539	0.18552144	0.097282269	0.009043099	1.77E-12
-1.67	0.197850941	0.188460999	0.098925471	0.009389943	2.36E-12
-1.66	0.201172737	0.191424464	0.100586368	0.009748273	3.16E-12
-1.65	0.204529849	0.194411457	0.102264925	0.010118392	4.20E-12
-1.64	0.207922191	0.197421583	0.103961095	0.010500608	5.59E-12
-1.63	0.211349662	0.200454428	0.105674831	0.010895233	7.43E-12
-1.62	0.21481215	0.203509564	0.107406075	0.011302586	9.85E-12
-1.61	0.218309532	0.206586544	0.109154766	0.011722988	1.30E-11
-1.6	0.221841669	0.209684903	0.110920835	0.012156766	1.72E-11
-1.59	0.225408413	0.21280416	0.112704207	0.012604253	2.27E-11
-1.58	0.2290096	0.215943817	0.1145048	0.013065784	3.00E-11
-1.57	0.232645056	0.219103356	0.116322528	0.0135417	3.94E-11
-1.56	0.23631459	0.222282244	0.118157295	0.014032346	5.17E-11
-1.55	0.240018001	0.225479929	0.120009001	0.014538072	6.78E-11
-1.54	0.243755074	0.228695843	0.121877537	0.015059232	8.87E-11
-1.53	0.247525579	0.231929397	0.12376279	0.015596182	1.16E-10
-1.52	0.251329273	0.235179989	0.125664637	0.016149285	1.51E-10
-1.51	0.255165901	0.238446994	0.127582951	0.016718907	1.97E-10
-1.5	0.259035191	0.241729775	0.129517596	0.017305416	2.56E-10
-1.49	0.262936859	0.245027673	0.13146843	0.017909186	3.32E-10
-1.48	0.266870607	0.248340014	0.133435304	0.018530594	4.30E-10
-1.47	0.270836123	0.251666105	0.135418062	0.019170018	5.56E-10
-1.46	0.274833078	0.255005236	0.137416539	0.019827843	7.17E-10
-1.45	0.278861132	0.25835668	0.139430566	0.020504453	9.25E-10
-1.44	0.282919929	0.261719693	0.141459965	0.021200237	1.19E-09
-1.43	0.2870091	0.265093514	0.143504551	0.021915587	1.53E-09
-1.42	0.291128258	0.268477363	0.14556413	0.022650897	1.96E-09
-1.41	0.295277006	0.271870447	0.147638504	0.023406562	2.51E-09
-1.4	0.299454928	0.275271951	0.149727466	0.02418298	3.21E-09
-1.39	0.303661597	0.27868105	0.1518308	0.024980551	4.10E-09
-1.38	0.307896568	0.282096897	0.153948287	0.025799677	5.22E-09
-1.37	0.312159384	0.285518631	0.156079696	0.02664076	6.64E-09
-1.36	0.316449572	0.288945377	0.15822479	0.027504203	8.43E-09
-1.35	0.320766644	0.292376242	0.160383327	0.028390412	1.07E-08
-1.34	0.325110097	0.295810318	0.162555055	0.029299792	1.35E-08
-1.33	0.329479414	0.299246683	0.164739715	0.030232748	1.71E-08
-1.32	0.333874062	0.302684398	0.166937042	0.031189685	2.16E-08
-1.31	0.338293495	0.306122512	0.169146761	0.03217101	2.72E-08
-1.3	0.34273715	0.309560059	0.171368592	0.033177126	3.42E-08
-1.29	0.347204451	0.312996057	0.173602247	0.034208437	4.29E-08
-1.28	0.351694807	0.316429514	0.17584743	0.035265347	5.37E-08
-1.27	0.356207611	0.319859422	0.178103839	0.036348256	6.72E-08
-1.26	0.360742242	0.323284762	0.180371163	0.037457564	8.40E-08
-1.25	0.365298066	0.326704502	0.182649085	0.038593669	1.05E-07
-1.24	0.369874432	0.330117597	0.184937281	0.039756965	1.30E-07
-1.23	0.374470674	0.333522992	0.187235418	0.040947844	1.62E-07
-1.22	0.379086115	0.336919621	0.189543158	0.042166695	2.01E-07
-1.21	0.38372006	0.340306406	0.191860155	0.043413903	2.49E-07
-1.2	0.388371802	0.343682259	0.194186055	0.044689851	3.08E-07
-1.19	0.393040617	0.347046084	0.196520499	0.045994914	3.80E-07
-1.18	0.39772577	0.350396774	0.198863119	0.047329465	4.69E-07
-1.17	0.402426508	0.353733213	0.201213543	0.048693872	5.77E-07
-1.16	0.407142067	0.35705428	0.203571388	0.050088497	7.09E-07
-1.15	0.411871667	0.360358842	0.205936269	0.051513695	8.70E-07
-1.14	0.416614515	0.363645763	0.20830779	0.052969817	1.07E-06
-1.13	0.421369801	0.366913898	0.210685552	0.054457206	1.30E-06
-1.12	0.426136703	0.370162096	0.213069147	0.055976197	1.59E-06
-1.11	0.430914385	0.373389204	0.215458162	0.057527119	1.94E-06
-1.1	0.435701996	0.376594061	0.217852177	0.059110293	2.36E-06
-1.09	0.440498669	0.379775502	0.220250767	0.060726031	2.86E-06
-1.08	0.445303523	0.382932361	0.222653499	0.062374637	3.47E-06
-1.07	0.450115664	0.386063467	0.225059935	0.064056403	4.21E-06
-1.06	0.454934181	0.389167649	0.227469632	0.065771616	5.08E-06
-1.05	0.459758145	0.392243733	0.229882141	0.067520549	6.14E-06
-1.04	0.464586617	0.395290544	0.232297005	0.069303465	7.39E-06
-1.03	0.469418635	0.398306909	0.234713764	0.071120619	8.89E-06
-1.02	0.474253225	0.401291653	0.237131952	0.072972251	1.07E-05
-1.01	0.479089391	0.404243606	0.239551098	0.07485859	1.28E-05
-1	0.483926122	0.407161596	0.241970725	0.076779853	1.53E-05
-0.99	0.488762385	0.410044456	0.244390351	0.078736246	1.83E-05
-0.98	0.493597126	0.412891023	0.246809491	0.080727958	2.19E-05
-0.97	0.498429272	0.415700137	0.249227652	0.082755168	2.60E-05
-0.96	0.503257721	0.418470645	0.251644341	0.084818037	3.10E-05
-0.95	0.508081352	0.421201397	0.254059056	0.086916716	3.68E-05
-0.94	0.512899011	0.423891252	0.256471294	0.089051337	4.36E-05
-0.93	0.517709519	0.426539074	0.258880547	0.091222019	5.16E-05
-0.92	0.522511662	0.429143739	0.261286301	0.093428864	6.09E-05
-0.91	0.527304193	0.431704127	0.263688042	0.095671957	7.19E-05
-0.9	0.532085827	0.434219131	0.26608525	0.097951369	8.47E-05
-0.89	0.536855237	0.436687653	0.268477402	0.100267151	9.96E-05
-0.88	0.541611053	0.439108606	0.270863972	0.102619337	0.00011689
-0.87	0.546351853	0.441480917	0.273244431	0.105007945	0.000137009
-0.86	0.551076163	0.443803522	0.275618247	0.107432973	0.000160331
-0.85	0.55578245	0.446075373	0.277984886	0.109894399	0.000187322
-0.84	0.560469115	0.448295437	0.280343811	0.112392185	0.000218507
-0.83	0.56513449	0.450462693	0.282694482	0.114926271	0.000254474
-0.82	0.569776829	0.452576139	0.285036358	0.117496578	0.000295888
-0.81	0.574394303	0.454634787	0.287368897	0.120103007	0.000343491
-0.8	0.578984989	0.456637667	0.289691553	0.122745439	0.000398116
-0.79	0.583546867	0.458583827	0.29200378	0.125423732	0.000460692
-0.78	0.588077806	0.460472335	0.29430503	0.128137724	0.000532254
-0.77	0.592575557	0.462302276	0.296594755	0.130887234	0.000613953
-0.76	0.597037745	0.464072758	0.298872406	0.133672054	0.000707067
-0.75	0.601461855	0.465782906	0.301137432	0.136491958	0.00081301
-0.74	0.605845224	0.467431871	0.303389284	0.139346696	0.000933344
-0.73	0.610185028	0.469018823	0.30562741	0.142235997	0.001069792
-0.72	0.614478273	0.470542957	0.30785126	0.145159564	0.001224248
-0.71	0.618721778	0.472003489	0.310060285	0.148117081	0.001398792
-0.7	0.622912168	0.473399662	0.312253933	0.151108204	0.001595699
-0.69	0.627045856	0.474730743	0.314431657	0.154132571	0.001817458
-0.68	0.631119036	0.475996024	0.316592908	0.157189791	0.002066779
-0.67	0.635127665	0.477194824	0.318737138	0.160279453	0.002346612
-0.66	0.639067453	0.478326487	0.320863804	0.163401121	0.002660154
-0.65	0.64293385	0.479390386	0.32297236	0.166554334	0.00301087
-0.64	0.646722031	0.480385921	0.325062264	0.169738607	0.003402497
-0.63	0.65042689	0.481312521	0.327132977	0.172953433	0.003839064
-0.62	0.654043024	0.482169643	0.329183961	0.176198278	0.004324897
-0.61	0.657564724	0.482956775	0.33121468	0.179472585	0.004864637
-0.6	0.660985964	0.483673433	0.333224603	0.182775773	0.005463241
-0.59	0.6643004	0.484319165	0.335213199	0.186107234	0.006125999
-0.58	0.667501352	0.484893548	0.337179944	0.189466339	0.006858536
-0.57	0.67058181	0.485396193	0.339124313	0.192852434	0.007666817
-0.56	0.673534424	0.485826739	0.341045789	0.196264839	0.008557154
-0.55	0.676351506	0.486184859	0.342943855	0.199702851	0.009536204
-0.54	0.679025032	0.48647026	0.344818001	0.203165743	0.01061097
-0.53	0.681546644	0.486682678	0.346667721	0.206652765	0.011788798
-0.52	0.683907658	0.486821885	0.348492513	0.210163141	0.013077367
-0.51	0.686099074	0.486887685	0.350291879	0.213696073	0.014484683
-0.5	0.688111588	0.486879915	0.352065327	0.217250739	0.016019065
-0.49	0.689935612	0.486798447	0.35381237	0.220826294	0.017689129
-0.48	0.691561289	0.486643186	0.355532529	0.224421871	0.019503768
-0.47	0.692978523	0.486414072	0.357225325	0.228036579	0.021472128
-0.46	0.694177	0.486111078	0.358890291	0.231669504	0.023603582
-0.45	0.695146227	0.485734212	0.360526962	0.235319713	0.025907698
-0.44	0.695875563	0.485283518	0.362134882	0.238986247	0.028394202
-0.43	0.69635426	0.484759072	0.3637136	0.242668129	0.031072941
-0.42	0.696571508	0.484160986	0.365262673	0.246364359	0.033953838
-0.41	0.696516482	0.483489406	0.366781662	0.250073919	0.037046843
-0.4	0.696178395	0.482744513	0.36827014	0.253795767	0.040361886
-0.39	0.695546552	0.481926524	0.369727684	0.257528844	0.043908816
-0.38	0.694610412	0.481035687	0.371153879	0.261272072	0.047697347
-0.37	0.693359644	0.480072287	0.372548319	0.265024351	0.051736995
-0.36	0.691784201	0.479036644	0.373910605	0.268784567	0.05603701
-0.35	0.68987438	0.477929109	0.375240347	0.272551585	0.060606314
-0.34	0.687620897	0.476750069	0.376537162	0.276324254	0.065453426
-0.33	0.685014957	0.475499946	0.377800677	0.280101407	0.070586396
-0.32	0.682048324	0.474179192	0.379030526	0.28388186	0.076012728
-0.31	0.678713399	0.472788295	0.380226355	0.287664415	0.08173931
-0.3	0.675003291	0.471327775	0.381387815	0.291447856	0.08777234
-0.29	0.670911888	0.469798185	0.382514571	0.295230957	0.094117253
-0.28	0.666433932	0.468200109	0.383606292	0.299012475	0.100778652
-0.27	0.661565086	0.466534165	0.384662661	0.302791158	0.107760237
-0.26	0.656302	0.464801	0.385683369	0.306565738	0.115064738
-0.25	0.650642377	0.463001295	0.386668117	0.310334939	0.122693857
-0.24	0.644585029	0.461135759	0.387616615	0.314097471	0.130648202
-0.23	0.638129932	0.459205133	0.388528585	0.317852038	0.138927238
-0.22	0.631278278	0.457210186	0.389403759	0.321597332	0.147529239
-0.21	0.624032514	0.455151717	0.390241878	0.325332038	0.156451241
-0.2	0.616396376	0.453030555	0.391042694	0.329054833	0.165689012
-0.19	0.608374925	0.450847554	0.391805971	0.332764389	0.175237017
-0.18	0.59997456	0.448603597	0.392531483	0.336459369	0.185088406
-0.17	0.591203034	0.446299596	0.393219015	0.340138434	0.195234995
-0.16	0.582069457	0.443936485	0.393868362	0.343800239	0.205667266
-0.15	0.572584289	0.441515226	0.394479331	0.347443436	0.216374373
-0.14	0.562759328	0.439036805	0.395051741	0.351066676	0.227344154
-0.13	0.552607684	0.436502234	0.395585421	0.354668607	0.238563158
-0.12	0.542143744	0.433912547	0.396080212	0.358247877	0.25001668
-0.11	0.531383134	0.431268799	0.396535966	0.361803133	0.261688798
-0.1	0.52034266	0.42857207	0.396952547	0.365333025	0.273562435
-0.09	0.509040253	0.42582346	0.397329832	0.368836203	0.285619411
-0.08	0.497494894	0.42302409	0.397667706	0.372311321	0.297840518
-0.07	0.485726538	0.420175098	0.397966068	0.375757038	0.310205598
-0.06	0.473756032	0.417277644	0.39822483	0.379172016	0.322693629
-0.05	0.461605012	0.414332906	0.398443914	0.382554922	0.335282816
-0.04	0.449295814	0.411342076	0.398623254	0.385904432	0.347950694
-0.03	0.436851364	0.408306366	0.398762797	0.389219228	0.36067423
-0.02	0.424295067	0.405227	0.3988625	0.392498	0.373429932
-0.01	0.411650698	0.40210522	0.398922334	0.395739447	0.386193969
6.25E-17	0.39894228	0.39894228	0.39894228	0.39894228	0.39894228
0.01	0.386193969	0.395739447	0.398922334	0.40210522	0.411650698
0.02	0.373429932	0.392498	0.3988625	0.405227	0.424295067
0.03	0.36067423	0.389219228	0.398762797	0.408306366	0.436851364
0.04	0.347950694	0.385904432	0.398623254	0.411342076	0.449295814
0.05	0.335282816	0.382554922	0.398443914	0.414332906	0.461605012
0.06	0.322693629	0.379172016	0.39822483	0.417277644	0.473756032
0.07	0.310205598	0.375757038	0.397966068	0.420175098	0.485726538
0.08	0.297840518	0.372311321	0.397667706	0.42302409	0.497494894
0.09	0.285619411	0.368836203	0.397329832	0.42582346	0.509040253
0.1	0.273562435	0.365333025	0.396952547	0.42857207	0.52034266
0.11	0.261688798	0.361803133	0.396535966	0.431268799	0.531383134
0.12	0.25001668	0.358247877	0.396080212	0.433912547	0.542143744
0.13	0.238563158	0.354668607	0.395585421	0.436502234	0.552607684
0.14	0.227344154	0.351066676	0.395051741	0.439036805	0.562759328
0.15	0.216374373	0.347443436	0.394479331	0.441515226	0.572584289
0.16	0.205667266	0.343800239	0.393868362	0.443936485	0.582069457
0.17	0.195234995	0.340138434	0.393219015	0.446299596	0.591203034
0.18	0.185088406	0.336459369	0.392531483	0.448603597	0.59997456
0.19	0.175237017	0.332764389	0.391805971	0.450847554	0.608374925
0.2	0.165689012	0.329054833	0.391042694	0.453030555	0.616396376
0.21	0.156451241	0.325332038	0.390241878	0.455151717	0.624032514
0.22	0.147529239	0.321597332	0.389403759	0.457210186	0.631278278
0.23	0.138927238	0.317852038	0.388528585	0.459205133	0.638129932
0.24	0.130648202	0.314097471	0.387616615	0.461135759	0.644585029
0.25	0.122693857	0.310334939	0.386668117	0.463001295	0.650642377
0.26	0.115064738	0.306565738	0.385683369	0.464801	0.656302
0.27	0.107760237	0.302791158	0.384662661	0.466534165	0.661565086
0.28	0.100778652	0.299012475	0.383606292	0.468200109	0.666433932
0.29	0.094117253	0.295230957	0.382514571	0.469798185	0.670911888
0.3	0.08777234	0.291447856	0.381387815	0.471327775	0.675003291
0.31	0.08173931	0.287664415	0.380226355	0.472788295	0.678713399
0.32	0.076012728	0.28388186	0.379030526	0.474179192	0.682048324
0.33	0.070586396	0.280101407	0.377800677	0.475499946	0.685014957
0.34	0.065453426	0.276324254	0.376537162	0.476750069	0.687620897
0.35	0.060606314	0.272551585	0.375240347	0.477929109	0.68987438
0.36	0.05603701	0.268784567	0.373910605	0.479036644	0.691784201
0.37	0.051736995	0.265024351	0.372548319	0.480072287	0.693359644
0.38	0.047697347	0.261272072	0.371153879	0.481035687	0.694610412
0.39	0.043908816	0.257528844	0.369727684	0.481926524	0.695546552
0.4	0.040361886	0.253795767	0.36827014	0.482744513	0.696178395
0.41	0.037046843	0.250073919	0.366781662	0.483489406	0.696516482
0.42	0.033953838	0.246364359	0.365262673	0.484160986	0.696571508
0.43	0.031072941	0.242668129	0.3637136	0.484759072	0.69635426
0.44	0.028394202	0.238986247	0.362134882	0.485283518	0.695875563
0.45	0.025907698	0.235319713	0.360526962	0.485734212	0.695146227
0.46	0.023603582	0.231669504	0.358890291	0.486111078	0.694177
0.47	0.021472128	0.228036579	0.357225325	0.486414072	0.692978523
0.48	0.019503768	0.224421871	0.355532529	0.486643186	0.691561289
0.49	0.017689129	0.220826294	0.35381237	0.486798447	0.689935612
0.5	0.016019065	0.217250739	0.352065327	0.486879915	0.688111588
0.51	0.014484683	0.213696073	0.350291879	0.486887685	0.686099074
0.52	0.013077367	0.210163141	0.348492513	0.486821885	0.683907658
0.53	0.011788798	0.206652765	0.346667721	0.486682678	0.681546644
0.54	0.01061097	0.203165743	0.344818001	0.48647026	0.679025032
0.55	0.009536204	0.199702851	0.342943855	0.486184859	0.676351506
0.56	0.008557154	0.196264839	0.341045789	0.485826739	0.673534424
0.57	0.007666817	0.192852434	0.339124313	0.485396193	0.67058181
0.58	0.006858536	0.189466339	0.337179944	0.484893548	0.667501352
0.59	0.006125999	0.186107234	0.335213199	0.484319165	0.6643004
0.6	0.005463241	0.182775773	0.333224603	0.483673433	0.660985964
0.61	0.004864637	0.179472585	0.33121468	0.482956775	0.657564724
0.62	0.004324897	0.176198278	0.329183961	0.482169643	0.654043024
0.63	0.003839064	0.172953433	0.327132977	0.481312521	0.65042689
0.64	0.003402497	0.169738607	0.325062264	0.480385921	0.646722031
0.65	0.00301087	0.166554334	0.32297236	0.479390386	0.64293385
0.66	0.002660154	0.163401121	0.320863804	0.478326487	0.639067453
0.67	0.002346612	0.160279453	0.318737138	0.477194824	0.635127665
0.68	0.002066779	0.157189791	0.316592908	0.475996024	0.631119036
0.69	0.001817458	0.154132571	0.314431657	0.474730743	0.627045856
0.7	0.001595699	0.151108204	0.312253933	0.473399662	0.622912168
0.71	0.001398792	0.148117081	0.310060285	0.472003489	0.618721778
0.72	0.001224248	0.145159564	0.30785126	0.470542957	0.614478273
0.73	0.001069792	0.142235997	0.30562741	0.469018823	0.610185028
0.74	0.000933344	0.139346696	0.303389284	0.467431871	0.605845224
0.75	0.00081301	0.136491958	0.301137432	0.465782906	0.601461855
0.76	0.000707067	0.133672054	0.298872406	0.464072758	0.597037745
0.77	0.000613953	0.130887234	0.296594755	0.462302276	0.592575557
0.78	0.000532254	0.128137724	0.29430503	0.460472335	0.588077806
0.79	0.000460692	0.125423732	0.29200378	0.458583827	0.583546867
0.8	0.000398116	0.122745439	0.289691553	0.456637667	0.578984989
0.81	0.000343491	0.120103007	0.287368897	0.454634787	0.574394303
0.82	0.000295888	0.117496578	0.285036358	0.452576139	0.569776829
0.83	0.000254474	0.114926271	0.282694482	0.450462693	0.56513449
0.84	0.000218507	0.112392185	0.280343811	0.448295437	0.560469115
0.85	0.000187322	0.109894399	0.277984886	0.446075373	0.55578245
0.86	0.000160331	0.107432973	0.275618247	0.443803522	0.551076163
0.87	0.000137009	0.105007945	0.273244431	0.441480917	0.546351853
0.88	0.00011689	0.102619337	0.270863972	0.439108606	0.541611053
0.89	9.96E-05	0.100267151	0.268477402	0.436687653	0.536855237
0.9	8.47E-05	0.097951369	0.26608525	0.434219131	0.532085827
0.91	7.19E-05	0.095671957	0.263688042	0.431704127	0.527304193
0.92	6.09E-05	0.093428864	0.261286301	0.429143739	0.522511662
0.93	5.16E-05	0.091222019	0.258880547	0.426539074	0.517709519
0.94	4.36E-05	0.089051337	0.256471294	0.423891252	0.512899011
0.95	3.68E-05	0.086916716	0.254059056	0.421201397	0.508081352
0.96	3.10E-05	0.084818037	0.251644341	0.418470645	0.503257721
0.97	2.60E-05	0.082755168	0.249227652	0.415700137	0.498429272
0.98	2.19E-05	0.080727958	0.246809491	0.412891023	0.493597126
0.99	1.83E-05	0.078736246	0.244390351	0.410044456	0.488762385
1	1.53E-05	0.076779853	0.241970725	0.407161596	0.483926122
1.01	1.28E-05	0.07485859	0.239551098	0.404243606	0.479089391
1.02	1.07E-05	0.072972251	0.237131952	0.401291653	0.474253225
1.03	8.89E-06	0.071120619	0.234713764	0.398306909	0.469418635
1.04	7.39E-06	0.069303465	0.232297005	0.395290544	0.464586617
1.05	6.14E-06	0.067520549	0.229882141	0.392243733	0.459758145
1.06	5.08E-06	0.065771616	0.227469632	0.389167649	0.454934181
1.07	4.21E-06	0.064056403	0.225059935	0.386063467	0.450115664
1.08	3.47E-06	0.062374637	0.222653499	0.382932361	0.445303523
1.09	2.86E-06	0.060726031	0.220250767	0.379775502	0.440498669
1.1	2.36E-06	0.059110293	0.217852177	0.376594061	0.435701996
1.11	1.94E-06	0.057527119	0.215458162	0.373389204	0.430914385
1.12	1.59E-06	0.055976197	0.213069147	0.370162096	0.426136703
1.13	1.30E-06	0.054457206	0.210685552	0.366913898	0.421369801
1.14	1.07E-06	0.052969817	0.20830779	0.363645763	0.416614515
1.15	8.70E-07	0.051513695	0.205936269	0.360358842	0.411871667
1.16	7.09E-07	0.050088497	0.203571388	0.35705428	0.407142067
1.17	5.77E-07	0.048693872	0.201213543	0.353733213	0.402426508
1.18	4.69E-07	0.047329465	0.198863119	0.350396774	0.39772577
1.19	3.80E-07	0.045994914	0.196520499	0.347046084	0.393040617
1.2	3.08E-07	0.044689851	0.194186055	0.343682259	0.388371802
1.21	2.49E-07	0.043413903	0.191860155	0.340306406	0.38372006
1.22	2.01E-07	0.042166695	0.189543158	0.336919621	0.379086115
1.23	1.62E-07	0.040947844	0.187235418	0.333522992	0.374470674
1.24	1.30E-07	0.039756965	0.184937281	0.330117597	0.369874432
1.25	1.05E-07	0.038593669	0.182649085	0.326704502	0.365298066
1.26	8.40E-08	0.037457564	0.180371163	0.323284762	0.360742242
1.27	6.72E-08	0.036348256	0.178103839	0.319859422	0.356207611
1.28	5.37E-08	0.035265347	0.17584743	0.316429514	0.351694807
1.29	4.29E-08	0.034208437	0.173602247	0.312996057	0.347204451
1.3	3.42E-08	0.033177126	0.171368592	0.309560059	0.34273715
1.31	2.72E-08	0.03217101	0.169146761	0.306122512	0.338293495
1.32	2.16E-08	0.031189685	0.166937042	0.302684398	0.333874062
1.33	1.71E-08	0.030232748	0.164739715	0.299246683	0.329479414
1.34	1.35E-08	0.029299792	0.162555055	0.295810318	0.325110097
1.35	1.07E-08	0.028390412	0.160383327	0.292376242	0.320766644
1.36	8.43E-09	0.027504203	0.15822479	0.288945377	0.316449572
1.37	6.64E-09	0.02664076	0.156079696	0.285518631	0.312159384
1.38	5.22E-09	0.025799677	0.153948287	0.282096897	0.307896568
1.39	4.10E-09	0.024980551	0.1518308	0.27868105	0.303661597
1.4	3.21E-09	0.02418298	0.149727466	0.275271951	0.299454928
1.41	2.51E-09	0.023406562	0.147638504	0.271870447	0.295277006
1.42	1.96E-09	0.022650897	0.14556413	0.268477363	0.291128258
1.43	1.53E-09	0.021915587	0.143504551	0.265093514	0.2870091
1.44	1.19E-09	0.021200237	0.141459965	0.261719693	0.282919929
1.45	9.25E-10	0.020504453	0.139430566	0.25835668	0.278861132
1.46	7.17E-10	0.019827843	0.137416539	0.255005236	0.274833078
1.47	5.56E-10	0.019170018	0.135418062	0.251666105	0.270836123
1.48	4.30E-10	0.018530594	0.133435304	0.248340014	0.266870607
1.49	3.32E-10	0.017909186	0.13146843	0.245027673	0.262936859
1.5	2.56E-10	0.017305416	0.129517596	0.241729775	0.259035191
1.51	1.97E-10	0.016718907	0.127582951	0.238446994	0.255165901
1.52	1.51E-10	0.016149285	0.125664637	0.235179989	0.251329273
1.53	1.16E-10	0.015596182	0.12376279	0.231929397	0.247525579
1.54	8.87E-11	0.015059232	0.121877537	0.228695843	0.243755074
1.55	6.78E-11	0.014538072	0.120009001	0.225479929	0.240018001
1.56	5.17E-11	0.014032346	0.118157295	0.222282244	0.23631459
1.57	3.94E-11	0.0135417	0.116322528	0.219103356	0.232645056
1.58	3.00E-11	0.013065784	0.1145048	0.215943817	0.2290096
1.59	2.27E-11	0.012604253	0.112704207	0.21280416	0.225408413
1.6	1.72E-11	0.012156766	0.110920835	0.209684903	0.221841669
1.61	1.30E-11	0.011722988	0.109154766	0.206586544	0.218309532
1.62	9.85E-12	0.011302586	0.107406075	0.203509564	0.21481215
1.63	7.43E-12	0.010895233	0.105674831	0.200454428	0.211349662
1.64	5.59E-12	0.010500608	0.103961095	0.197421583	0.207922191
1.65	4.20E-12	0.010118392	0.102264925	0.194411457	0.204529849
1.66	3.16E-12	0.009748273	0.100586368	0.191424464	0.201172737
1.67	2.36E-12	0.009389943	0.098925471	0.188460999	0.197850941
1.68	1.77E-12	0.009043099	0.097282269	0.18552144	0.194564539
1.69	1.32E-12	0.008707443	0.095656796	0.18260615	0.191313592
1.7	9.84E-13	0.008382681	0.094049077	0.179715473	0.188098155
1.71	7.32E-13	0.008068527	0.092459133	0.17684974	0.184918267
1.72	5.44E-13	0.007764697	0.090886979	0.174009262	0.181773958
1.73	4.03E-13	0.007470912	0.089332623	0.171194335	0.178665247
1.74	2.99E-13	0.0071869	0.087796071	0.168405241	0.175592141
1.75	2.21E-13	0.006912393	0.086277319	0.165642244	0.172554638
1.76	1.63E-13	0.006647129	0.084776361	0.162905594	0.169552723
1.77	1.20E-13	0.006390848	0.083293186	0.160195524	0.166586372
1.78	8.83E-14	0.006143299	0.081827776	0.157512253	0.163655552
1.79	6.48E-14	0.005904233	0.080380109	0.154855985	0.160760218
1.8	4.75E-14	0.005673409	0.078950158	0.152226908	0.157900317
1.81	3.48E-14	0.005450587	0.077537892	0.149625197	0.155075784
1.82	2.54E-14	0.005235536	0.076143274	0.147051012	0.152286547
1.83	1.85E-14	0.005028027	0.074766262	0.144504498	0.149532525
1.84	1.35E-14	0.004827837	0.073406813	0.141985788	0.146813625
1.85	9.81E-15	0.004634748	0.072064874	0.139495001	0.144129749
1.86	7.12E-15	0.004448547	0.070740393	0.13703224	0.141480787
1.87	5.16E-15	0.004269025	0.069433312	0.134597598	0.138866623
1.88	3.73E-15	0.004095979	0.068143566	0.132191153	0.136287132
1.89	2.70E-15	0.003929209	0.066871091	0.129812972	0.133742181
1.9	1.94E-15	0.003768521	0.065615815	0.127463109	0.13123163
1.91	1.40E-15	0.003613725	0.064377664	0.125141603	0.128755329
1.92	1.00E-15	0.003464636	0.063156561	0.122848487	0.126313123
1.93	7.21E-16	0.003321074	0.061952425	0.120583776	0.123904849
1.94	5.16E-16	0.003182861	0.060765169	0.118347477	0.121530338
1.95	3.69E-16	0.003049826	0.059594706	0.116139586	0.119189412
1.96	2.63E-16	0.002921801	0.058440944	0.113960087	0.116881889
1.97	1.88E-16	0.002798624	0.057303789	0.111808954	0.114607578
1.98	1.33E-16	0.002680134	0.056183142	0.10968615	0.112366284
1.99	9.48E-17	0.002566178	0.055078902	0.107591627	0.110157805
2	6.72E-17	0.002456603	0.053990967	0.10552533	0.107981933
2.01	4.75E-17	0.002351264	0.052919228	0.103487191	0.105838455
2.02	3.36E-17	0.002250018	0.051863577	0.101477136	0.103727153
2.03	2.37E-17	0.002152725	0.050823901	0.099495078	0.101647803
2.04	1.67E-17	0.00205925	0.049800088	0.097540926	0.099600175
2.05	1.17E-17	0.001969462	0.048792019	0.095614575	0.097584037
2.06	8.23E-18	0.001883234	0.047799575	0.093715916	0.09559915
2.07	5.77E-18	0.00180044	0.046822635	0.09184483	0.093645271
2.08	4.03E-18	0.001720961	0.045861076	0.090001191	0.091722153
2.09	2.82E-18	0.00164468	0.044914772	0.088184865	0.089829545
2.1	1.96E-18	0.001571483	0.043983596	0.086395709	0.087967192
2.11	1.37E-18	0.001501259	0.043067418	0.084633576	0.086134836
2.12	9.50E-19	0.001433903	0.042166107	0.082898311	0.084332214
2.13	6.59E-19	0.001369309	0.04127953	0.081189752	0.082559061
2.14	4.56E-19	0.001307377	0.040407554	0.079507731	0.080815108
2.15	3.15E-19	0.00124801	0.039550042	0.077852073	0.079100083
2.16	2.18E-19	0.001191113	0.038706856	0.076222599	0.077413712
2.17	1.50E-19	0.001136595	0.037877859	0.074619123	0.075755718
2.18	1.03E-19	0.001084367	0.03706291	0.073041454	0.07412582
2.19	7.08E-20	0.001034342	0.036261869	0.071489396	0.072523738
2.2	4.85E-20	0.000986438	0.035474593	0.069962747	0.070949186
2.21	3.32E-20	0.000940575	0.034700939	0.068461303	0.069401878
2.22	2.27E-20	0.000896673	0.033940763	0.066984853	0.067881526
2.23	1.55E-20	0.000854659	0.033193921	0.065533183	0.066387841
2.24	1.05E-20	0.000814458	0.032460266	0.064106073	0.064920531
2.25	7.16E-21	0.000776001	0.031739652	0.062703303	0.063479304
2.26	4.86E-21	0.000739219	0.031031932	0.061324645	0.062063864
2.27	3.29E-21	0.000704048	0.030336959	0.059969871	0.060673918
2.28	2.23E-21	0.000670422	0.029654585	0.058638748	0.05930917
2.29	1.50E-21	0.00063828	0.028984661	0.057331041	0.057969321
2.3	1.01E-21	0.000607565	0.028327038	0.056046511	0.056654075
2.31	6.82E-22	0.000578217	0.027681567	0.054784917	0.055363134
2.32	4.58E-22	0.000550182	0.0270481	0.053546017	0.054096199
2.33	3.07E-22	0.000523407	0.026426485	0.052329564	0.052852971
2.34	2.06E-22	0.00049784	0.025816575	0.051135311	0.051633151
2.35	1.38E-22	0.000473432	0.02521822	0.049963008	0.05043644
2.36	9.18E-23	0.000450135	0.024631269	0.048812404	0.049262539
2.37	6.12E-23	0.000427903	0.024055574	0.047683246	0.048111148
2.38	4.07E-23	0.000406691	0.023490985	0.04657528	0.046981971
2.39	2.70E-23	0.000386457	0.022937354	0.04548825	0.045874707
2.4	1.79E-23	0.00036716	0.02239453	0.044421901	0.044789061
2.41	1.18E-23	0.00034876	0.021862367	0.043375974	0.043724734
2.42	7.83E-24	0.000331219	0.021340715	0.042350211	0.04268143
2.43	5.16E-24	0.0003145	0.020829427	0.041344354	0.041658854
2.44	3.40E-24	0.000298568	0.020328356	0.040358144	0.040656711
2.45	2.23E-24	0.000283389	0.019837354	0.03939132	0.039674709
2.46	1.47E-24	0.00026893	0.019356277	0.038443623	0.038712553
2.47	9.60E-25	0.000255161	0.018884977	0.037514794	0.037769954
2.48	6.28E-25	0.00024205	0.018423311	0.036604571	0.036846621
2.49	4.10E-25	0.000229569	0.017971133	0.035712697	0.035942266
2.5	2.67E-25	0.00021769	0.0175283	0.034838911	0.035056601
2.51	1.74E-25	0.000206386	0.01709467	0.033982955	0.034189341
2.52	1.13E-25	0.000195632	0.016670101	0.03314457	0.033340202
2.53	7.32E-26	0.000185402	0.01625445	0.032323499	0.032508901
2.54	4.74E-26	0.000175674	0.015847579	0.031519484	0.031695158
2.55	3.06E-26	0.000166425	0.015449347	0.030732269	0.030898694
2.56	1.98E-26	0.000157632	0.015059616	0.0299616	0.030119233
2.57	1.27E-26	0.000149276	0.014678249	0.029207223	0.029356498
2.58	8.19E-27	0.000141335	0.014305109	0.028468883	0.028610218
2.59	5.25E-27	0.000133791	0.013940061	0.02774633	0.027880121
2.6	3.37E-27	0.000126626	0.013582969	0.027039313	0.027165938
2.61	2.15E-27	0.000119821	0.013233702	0.026347583	0.026467404
2.62	1.38E-27	0.00011336	0.012892126	0.025670892	0.025784252
2.63	8.77E-28	0.000107227	0.012558111	0.025008995	0.025116222
2.64	5.59E-28	0.000101407	0.012231526	0.024361646	0.024463053
2.65	3.55E-28	9.59E-05	0.011912244	0.023728603	0.023824487
2.66	2.25E-28	9.06E-05	0.011600135	0.023109626	0.02320027
2.67	1.43E-28	8.57E-05	0.011295075	0.022504474	0.022590149
2.68	9.02E-29	8.10E-05	0.010996937	0.021912911	0.021993873
2.69	5.69E-29	7.65E-05	0.010705598	0.021334702	0.021411195
2.7	3.59E-29	7.23E-05	0.010420935	0.020769611	0.02084187
2.71	2.26E-29	6.82E-05	0.010142827	0.02021741	0.020285654
2.72	1.42E-29	6.44E-05	0.009871154	0.019677867	0.019742308
2.73	8.88E-30	6.08E-05	0.009605797	0.019150756	0.019211594
2.74	5.56E-30	5.74E-05	0.009346638	0.018635852	0.018693277
2.75	3.47E-30	5.42E-05	0.009093563	0.018132932	0.018187125
2.76	2.17E-30	5.11E-05	0.008846454	0.017641775	0.017692909
2.77	1.35E-30	4.82E-05	0.008605201	0.017162164	0.017210401
2.78	8.39E-31	4.55E-05	0.008369689	0.016693882	0.016739378
2.79	5.21E-31	4.29E-05	0.008139809	0.016236715	0.016279618
2.8	3.23E-31	4.05E-05	0.007915452	0.015790453	0.015830903
2.81	2.00E-31	3.81E-05	0.007696508	0.015354887	0.015393016
2.82	1.23E-31	3.59E-05	0.007482873	0.01492981	0.014965745
2.83	7.60E-32	3.39E-05	0.007274439	0.014515018	0.014548879
2.84	4.68E-32	3.19E-05	0.007071105	0.01411031	0.01414221
2.85	2.87E-32	3.00E-05	0.006872767	0.013715486	0.013745533
2.86	1.76E-32	2.83E-05	0.006679324	0.013330351	0.013358647
2.87	1.08E-32	2.66E-05	0.006490676	0.01295471	0.012981353
2.88	6.60E-33	2.51E-05	0.006306726	0.012588373	0.012613453
2.89	4.03E-33	2.36E-05	0.006127377	0.012231149	0.012254754
2.9	2.45E-33	2.22E-05	0.005952532	0.011882852	0.011905065
2.91	1.49E-33	2.09E-05	0.005782099	0.0115433	0.011564198
2.92	9.06E-34	1.97E-05	0.005615984	0.011212309	0.011231967
2.93	5.49E-34	1.85E-05	0.005454095	0.010889703	0.01090819
2.94	3.32E-34	1.74E-05	0.005296344	0.010575304	0.010592688
2.95	2.01E-34	1.63E-05	0.005142641	0.01026894	0.010285282
2.96	1.21E-34	1.54E-05	0.004992899	0.009970438	0.009985798
2.97	7.29E-35	1.44E-05	0.004847033	0.009679631	0.009694066
2.98	4.38E-35	1.36E-05	0.004704958	0.009396353	0.009409915
2.99	2.63E-35	1.27E-05	0.00456659	0.00912044	0.00913318
3	1.57E-35	1.20E-05	0.004431848	0.008851732	0.008863697
3.01	9.42E-36	1.12E-05	0.004300652	0.00859007	0.008601305
